3.187516088265996556e-02
2.830812547385631178e-02
6.339696032671332353e-03
5.352460597874131136e-03
2.317027062903465884e-01
4.238273320113893905e-01
4.635286915773934036e-01
5.384460473683432696e-02
3.495452022736386579e-03
3.502488274833207623e-03
7.895824884595597365e-03
7.621200419137326154e-01
7.738745732253307086e-01
9.942011314818437473e-01
5.321919260475569541e-02
3.498429963317395853e-03
3.504295559314462953e-03
1.306197638501421961e-02
6.926107268864793998e-01
9.113361946194569185e-01
9.857887894596488731e-01
5.277874911374245276e-02
3.759907060781013301e-03
3.502164777336642856e-03
1.101834664522674360e-02
9.996471227943188875e-01
9.376010184687000315e-01
9.857978845569281834e-01
5.394094392794145792e-02
3.531844134076195154e-03
3.497091782546089909e-03
7.691006702395089371e-03
9.453691238757766513e-01
8.209830828406524672e-01
9.937220599777678576e-01
4.125440984598905542e-02
3.503078550445706558e-03
3.492814978746265359e-03
1.330021070867952113e-02
6.894928748660223983e-01
8.824906800425340592e-01
9.064887222629078867e-01
2.980396277671187172e-02
3.756992281975871702e-03
4.275625647686053139e-03
1.730314146463000219e-02
6.003079550692642652e-01
6.403133556917723901e-01
6.922814171973711295e-01
3.201012227673736416e-02
4.427669400587745663e-03
6.174182387828919434e-03
5.515869182031499750e-03
4.454804789758604056e-01
4.280390070917909906e-01
4.450461910299539081e-01
3.238065290013440733e-02
3.499158691802872409e-03
9.420930271180681312e-03
6.955291813358178282e-03
7.790097755273844848e-01
9.984798952669392547e-01
2.786489098220369942e-01
3.148362677840678414e-02
4.787921171867594479e-03
5.372976343879111612e-03
4.058533930179900572e-03
6.018007394209623495e-01
3.688784443956175108e-01
7.860107939994769310e-01
2.892833952169409500e-02
3.510154763851735041e-03
3.987430236020482813e-03
2.063367534187339133e-02
7.764954224715117093e-01
5.715219673825255864e-01
7.584046939023658673e-01
3.999516928909219171e-02
3.497975183773631685e-03
3.519803701758629239e-03
1.208576448563714913e-02
7.714191553932248091e-01
7.563575183115366363e-01
9.442495584573680212e-01
5.305793055529353652e-02
3.495630046041025164e-03
3.503994596228504795e-03
1.336175909574522508e-02
7.390164798717834271e-01
7.828215923797045006e-01
9.855556784809570425e-01
5.414422082366383143e-02
3.495557646898104359e-03
3.508232766669241564e-03
7.770440600052881501e-03
7.089518037909688930e-01
7.991830484616895269e-01
9.936098312435585056e-01
5.405679209403447399e-02
3.496441131490111206e-03
3.520716404482900855e-03
4.994148385499633420e-03
6.897684713706190296e-01
8.461515817843319187e-01
9.952670844075003354e-01
5.137978300857667935e-02
3.497862417917243366e-03
3.537507381423424593e-03
5.323232861810472602e-03
6.955055424675519182e-01
9.016517527923878506e-01
9.934347873375661830e-01
5.394717216850940938e-02
3.497777517780724637e-03
3.609622634421603190e-03
5.021943360927651548e-03
6.878059698373130137e-01
9.732176755546697589e-01
9.954093443984043388e-01
5.416278763115401490e-02
3.497561178717525747e-03
3.902637203526417541e-03
7.806968512895260184e-03
7.046446840224495078e-01
9.847178717835662898e-01
9.939897605650314105e-01
5.397580368548527546e-02
3.519068393190123017e-03
3.500087175002519237e-03
7.168189524833595144e-03
9.827419883796281175e-01
8.594527811993938338e-01
9.958858834041860453e-01
5.410404943266200473e-02
3.500032934549661759e-03
3.501229261001757333e-03
4.914617255621801101e-03
9.438411047316495051e-01
8.055594364408542596e-01
9.954234648661430818e-01
5.130617499501759216e-02
3.495885321589317900e-03
3.504187618266586118e-03
5.266462478585057401e-03
8.782671948795670591e-01
7.885727767405986688e-01
9.941221574032922392e-01
5.379244319296323795e-02
3.496297827058321341e-03
3.502881546191644654e-03
4.946536349778669212e-03
8.096216827365106949e-01
7.694046852441047690e-01
9.957535327354903876e-01
2.989704226215605248e-02
1.060556081196778466e-02
4.341874679682126460e-03
1.695330565155017677e-02
4.186906869766413575e-01
6.307237192903736300e-01
7.020652192704605055e-01
4.353837334884948923e-02
9.199820798755991083e-03
3.527762073052755510e-03
1.140685265344984489e-02
9.708662756378164671e-01
8.928812064577339447e-01
9.233937973992546455e-01
5.417950151026026950e-02
3.499884397457023004e-03
3.493381330525504366e-03
7.890145442481526564e-03
7.069129311298266716e-01
8.377331346587210126e-01
9.933456989672437842e-01
5.397359024611553951e-02
3.502681424835204886e-03
3.492651159717618300e-03
5.024526194314959601e-03
7.226060132905604005e-01
7.901295876077029101e-01
9.955583342412777093e-01
5.143743004893323867e-02
3.503673664679501226e-03
3.493490510713068327e-03
5.315085585316091377e-03
7.423959234269865703e-01
7.723336619771883349e-01
9.936892232765592858e-01
5.416888976575256337e-02
3.503547855198244770e-03
3.493979847754619464e-03
4.952542327638830011e-03
7.662784504935747920e-01
7.595871665244072757e-01
9.953208868148196720e-01
5.417929341555961092e-02
3.508802461649089283e-03
3.494115913410368937e-03
7.499180262913319843e-03
8.049782967166377867e-01
7.726888354433945061e-01
9.942956827112643392e-01
5.303861953563166615e-02
3.515823069064561313e-03
3.494885210611574713e-03
1.282208131708978752e-02
8.717547399103445782e-01
7.874742177467410897e-01
9.864926013825170426e-01
3.973402657939168608e-02
3.877732438546018998e-03
3.508293521057007005e-03
1.172354308135589024e-02
9.721134109146007951e-01
8.043836727998553426e-01
9.441593698081898189e-01
2.895870566033766427e-02
1.483051838935554000e-02
3.931690968232872188e-03
2.057371640660748263e-02
5.326399514502152543e-01
6.616004928819460007e-01
7.539938426817692774e-01
3.143287910285881559e-02
1.339524072376307474e-02
4.827492053101271711e-03
4.026777434329885039e-03
2.467459478353077884e-01
6.851160869234022011e-01
7.931371634377887281e-01
5.391452049955682002e-02
3.590139194207205009e-03
3.501272211303354306e-03
4.842761044167434581e-03
9.910581090279962924e-01
8.729494081561246510e-01
9.959745127438600631e-01
5.138521827504101414e-02
1.824270186416386830e-01
3.505153059076750004e-03
4.764144623580485530e-03
9.999648450858490412e-01
9.426770042401775296e-01
9.914097160604061765e-01
5.414803429990093508e-02
nan
nan
nan
nan
nan
nan
5.401618933845309806e-02
nan
nan
nan
nan
nan
nan
3.709064114671041523e-02
3.497797386149076228e-03
3.547387782801956872e-03
7.376612321508364475e-03
6.770895600601805064e-01
8.958583712763035223e-01
9.928293690381909675e-01
4.182332546634316001e-02
3.496879349679039243e-03
3.526916295854363309e-03
1.309947765834978441e-02
7.266452353507100170e-01
7.640247094822497642e-01
9.067815990984781083e-01
3.938482268763933425e-02
3.498281392737728410e-03
3.536426952679739850e-03
1.257056679101753449e-02
7.123766509482499787e-01
7.831876987621524400e-01
9.415932387041557883e-01
3.758523899764448090e-02
3.498498987218339688e-03
3.544783110749843893e-03
1.002248897312254909e-02
6.878041034722132130e-01
8.398619415612385009e-01
9.834213948261820715e-01
3.756509920308043898e-02
3.500084130594850566e-03
3.589615614161941783e-03
1.015596696555877074e-02
6.813834734523400716e-01
9.636896638222647304e-01
9.823715950198257385e-01
3.918893362611292064e-02
3.502242541002981158e-03
3.482550417244333323e-03
1.269398566715734984e-02
6.898729534897359850e-01
9.915458905491936203e-01
9.395334750777276644e-01
2.885571160161906276e-02
3.681549814343230108e-03
5.301224439271919747e-02
2.095764822354958395e-02
6.292742759693316090e-01
9.915606864789554553e-01
7.312790222692678865e-01
3.149424927431294929e-02
4.293669592012289843e-03
5.273727842009224252e-03
4.081221892590632810e-03
4.594658206851097160e-01
5.863310803986762076e-01
7.766308289798539155e-01
3.198462893913994742e-02
4.026898470853262739e-03
6.055091012520900408e-03
5.493794320196045654e-03
5.459054369272049456e-01
3.297954912889194401e-01
4.475804524634577342e-01
2.613579701669889108e-02
3.538707881862843910e-03
3.658068324370865668e-03
4.233961458384943866e-02
6.913510693050523015e-01
8.690326911866480541e-01
8.669997463558500872e-01
2.884052108334732301e-02
3.645051940057995703e-03
4.032820279819392811e-03
2.130238916377760056e-02
6.388612659681252026e-01
6.276490960962338717e-01
7.278859350177420140e-01
2.975809622841607896e-02
3.656736351974986757e-03
4.250557971246946877e-03
1.683649817240437038e-02
6.513601062598065594e-01
5.185977529225995752e-01
7.011880989589501789e-01
3.705168314507670951e-02
3.502937640907079382e-03
3.510842116373008148e-03
7.177313014303902082e-03
8.753985085278711553e-01
7.689351206384256177e-01
9.933250025759000623e-01
3.759628968755965306e-02
3.499360623332609891e-03
3.517742352430988390e-03
9.497337127408401330e-03
8.239033035624407919e-01
7.520122632012714581e-01
9.845763424309127432e-01
4.008929217056198674e-02
4.265395188005148726e-03
3.518052431576248508e-03
1.171908679047796616e-02
9.626679995528438782e-01
8.159283313906686708e-01
9.488522823934750772e-01
3.765159671680603365e-02
3.550712846631825549e-03
3.515158031284000562e-03
9.695811907101612934e-03
9.170244677962965385e-01
7.786051487100992263e-01
9.842446526867197898e-01
2.612857024570224007e-02
3.548711533126918012e-03
3.635967219434324809e-03
4.322987177642225592e-02
8.536781926476704196e-01
7.113085453829975924e-01
8.830667260301028332e-01
2.899299455100409414e-02
1.306083439370402631e-02
3.975492285987315168e-03
2.175866138529478078e-02
6.171168379085096856e-01
6.087319346236665929e-01
7.472465604216728119e-01
3.710629091152805453e-02
3.503118585251940604e-03
3.492119242814755841e-03
7.349734075813176178e-03
7.340629291605924589e-01
7.636663271213790516e-01
9.928135470005995389e-01
4.204693632267517828e-02
3.534591581131427823e-03
3.506844024436100993e-03
1.294334984503832386e-02
8.962383772187185738e-01
7.669146272909102002e-01
9.111474546139060049e-01
3.949436322227582036e-02
3.504092319265435587e-03
3.503981827168070346e-03
1.222909788121549594e-02
8.069628850657730723e-01
7.551533958131861901e-01
9.436245792227480056e-01
3.759264087220373640e-02
3.502367208942512317e-03
3.498135595495434520e-03
9.978715180382069505e-03
7.778689409052679249e-01
7.558302942125485480e-01
9.833678475784878303e-01
3.914739811075481496e-02
3.504685031034968003e-03
3.499201452269376424e-03
1.281983215441604741e-02
6.999636875975531192e-01
8.008729568796785214e-01
9.382150257932283521e-01
3.756016432694985613e-02
3.504023340687556498e-03
3.494625891789177128e-03
1.021269927335296396e-02
7.177036389585185194e-01
7.717558818980224666e-01
9.825927564273565507e-01
2.981608261353620171e-02
6.629003040287104014e-03
4.171859511838715492e-03
1.703635541587422350e-02
5.944765815038293155e-01
5.385869381550354440e-01
7.041143897789546857e-01
3.195506226960564272e-02
9.931380436543128104e-03
5.934189337325821226e-03
5.452580941519520608e-03
3.776626423181433378e-01
3.410725045412837386e-01
4.514189208434397638e-01
2.887477301865521220e-02
3.508857680247129667e-03
3.934406134968418921e-03
2.125753647621769077e-02
7.787755550454116271e-01
5.766845055636488082e-01
7.338244933128299508e-01
3.147928503766189018e-02
3.684948588930856295e-03
5.389383036051745984e-03
4.067418003351044864e-03
6.617731558719063267e-01
3.566781805763549751e-01
7.778270846874623112e-01
2.613124732944063083e-02
3.512386721777563219e-03
3.594982855180379674e-03
4.265795196686728019e-02
7.343084518999153376e-01
7.119414899095510840e-01
8.691309657404173716e-01
2.880406952808774873e-02
3.623458521064358735e-03
3.947725018974176416e-03
2.092583185811124069e-02
6.660970999924874514e-01
6.079734032655026432e-01
7.287349585156398524e-01
3.706556085893022989e-02
4.914001479816789905e-03
3.500924224450992824e-03
6.017182882518046748e-03
9.857279553474145306e-01
9.387224193430124819e-01
9.937252356807181330e-01
3.761296991773235843e-02
5.364882112362098082e-02
3.507531901226657034e-03
1.068910763616258940e-02
9.853124034158547984e-01
8.757320276421816097e-01
9.846038697136294537e-01
3.769337593145156984e-02
4.822855216532324213e-03
3.514862791730534539e-03
1.228435543434975435e-02
9.709143576101456619e-01
9.803136492254226342e-01
9.818308786092201368e-01
4.015541970366991176e-02
5.452076452463612728e-03
3.648911189907759998e-03
1.179167535814263507e-02
9.631105104551375140e-01
9.770347408779090914e-01
9.531721151451004737e-01
2.898341830741454905e-02
7.330572985831002378e-03
9.214700789996572647e-03
2.122305844086342860e-02
4.809395510418820185e-01
9.530252251602161495e-01
7.459388611251719370e-01
2.612040912305737053e-02
6.264614399010859890e-03
3.550386977773013156e-03
4.397123137235824791e-02
7.705930351957888114e-01
9.159722679753022900e-01
8.832501639069034738e-01
1.157030398157452358e-02
2.830824365513383983e-02
6.339698660109834363e-03
5.352459653487801582e-03
2.317027052918821661e-01
4.238273317360219394e-01
4.635286914930886737e-01
5.985138900376655441e-02
3.495452023017956052e-03
3.502488274833207623e-03
7.895824884595597365e-03
7.621200419137326154e-01
7.738745732253307086e-01
9.942011314818437473e-01
6.396266087501038811e-02
3.498429963317395853e-03
3.504295554980812761e-03
1.306197638501421961e-02
6.926107268864793998e-01
9.113361946194569185e-01
9.857887894596488731e-01
6.757456417787929825e-02
3.759907060781013301e-03
3.502164777336642856e-03
1.101834664522674360e-02
9.996471227943188875e-01
9.376010184687000315e-01
9.857978845569281834e-01
6.030249946400724481e-02
3.531844134076195154e-03
3.497091782546089909e-03
7.691006702395089371e-03
9.453691238757766513e-01
8.209830828406524672e-01
9.937220599777678576e-01
3.708892348819513990e-02
3.503078550445706558e-03
3.492814978746265359e-03
1.330021070867952113e-02
6.894928748660223983e-01
8.824906800425340592e-01
9.064887221127265748e-01
3.356860468468332581e-02
3.756992281975871702e-03
4.275625647686053139e-03
1.730314146463000219e-02
6.003079550692642652e-01
6.403133556917723901e-01
6.922814171973711295e-01
1.198328535730440979e-02
4.427669400587745663e-03
6.174182387828919434e-03
5.515869182031499750e-03
4.454804789758604056e-01
4.280390070917909906e-01
4.450461910299539081e-01
1.252482279113473207e-02
3.499158691802872409e-03
9.420930271180681312e-03
6.955291813358178282e-03
7.790097755273844848e-01
9.984798952669392547e-01
2.786489098220369942e-01
1.062287639712828843e-02
4.787921171867594479e-03
5.372976343879111612e-03
4.058533930179900572e-03
6.018007394209623495e-01
3.688784443956175108e-01
7.860107939994769310e-01
2.964958052725726045e-02
3.510154763851735041e-03
3.987430236020482813e-03
2.063367534187339133e-02
7.764954224715117093e-01
5.715219673825255864e-01
7.584046939023658673e-01
3.694656224628761060e-02
3.497975183773631685e-03
3.519803701758629239e-03
1.208576448399273015e-02
7.714191553932248091e-01
7.563575183115366363e-01
9.442495585585624074e-01
6.502170272904976567e-02
3.495630046041025164e-03
3.503994596228504795e-03
1.336175909574522508e-02
7.390164798717834271e-01
7.828215923797045006e-01
9.855556784809570425e-01
6.009313078997712693e-02
3.495557646898104359e-03
3.508232372887007313e-03
7.770440600052881501e-03
7.089518037909688930e-01
7.990738507342886043e-01
9.936098312435585056e-01
5.445477411194155765e-02
3.496441131490111206e-03
3.520716404482900855e-03
4.994148385499633420e-03
6.897684713706190296e-01
8.461515817843319187e-01
9.952670844264241978e-01
5.130423323495586496e-02
3.497862417917243366e-03
3.537507381423424593e-03
5.323232861810472602e-03
6.955055424675519182e-01
9.016517527923878506e-01
9.934347873375661830e-01
5.434660612590517387e-02
3.497777517780724637e-03
3.609622634421603190e-03
5.021943360927651548e-03
6.878059698373130137e-01
9.732176755546697589e-01
9.954093443984043388e-01
5.965919172931931358e-02
3.497561178717525747e-03
3.902637203526417541e-03
7.806968512895260184e-03
7.046446840224495078e-01
9.847178717835662898e-01
9.939897605873039277e-01
6.115974704801470374e-02
3.519068393190123017e-03
3.500087175002519237e-03
7.168189524833595144e-03
9.827419883796281175e-01
8.594527811993938338e-01
9.958858834041860453e-01
5.454126137796427853e-02
3.500032934549661759e-03
3.501229261001757333e-03
4.914617255621801101e-03
9.438411047316495051e-01
8.055594364408542596e-01
9.954234648661430818e-01
5.120939475439584276e-02
3.495885321589317900e-03
3.504187618266586118e-03
5.266462478585057401e-03
8.782671948795670591e-01
7.885727767405986688e-01
9.941221574032922392e-01
5.419641133784506432e-02
3.496297827058321341e-03
3.502881546191644654e-03
4.946536349778669212e-03
8.096216827365106949e-01
7.694046852441047690e-01
9.957535327389908097e-01
3.784804141903393149e-02
1.060556081196778466e-02
4.341874679682126460e-03
1.695330565155017677e-02
4.186906869766413575e-01
6.307237192903736300e-01
7.020652192704605055e-01
3.707965091585727069e-02
9.199820798755991083e-03
3.527762073052755510e-03
1.140685265344984489e-02
9.708662756378164671e-01
8.928812064577339447e-01
9.233937973992546455e-01
5.962005374897214743e-02
3.499884397457023004e-03
3.493381330525504366e-03
7.890145442481526564e-03
7.069129311298266716e-01
8.377331346587210126e-01
9.933456989672437842e-01
5.440036550843929675e-02
3.502681424835204886e-03
3.492651159717618300e-03
5.024526194314959601e-03
7.226060132905604005e-01
7.901295876077029101e-01
9.955583342679021897e-01
5.136185259939615722e-02
3.503673664679501226e-03
3.493490510713068327e-03
5.315085585316091377e-03
7.423959234269865703e-01
7.723336619771883349e-01
9.936892232765592858e-01
5.453447310578853763e-02
3.503547855198244770e-03
3.493979847754619464e-03
4.952542327638830011e-03
7.662784504935747920e-01
7.595871665244072757e-01
9.953208868137060072e-01
6.020581496431893359e-02
3.508802461649089283e-03
3.494115913410368937e-03
7.499180262913319843e-03
8.049782967166377867e-01
7.726888354433945061e-01
9.942956827112643392e-01
6.533782867793443139e-02
3.515823069064561313e-03
3.494885210611574713e-03
1.282208131708978752e-02
8.717547399103445782e-01
7.874742177467410897e-01
9.864926013825170426e-01
3.696764455028257734e-02
3.877732438546018998e-03
3.508293521057007005e-03
1.172354308135589024e-02
9.721134109146007951e-01
8.043836727998553426e-01
9.441593698081898189e-01
2.965140338770477432e-02
1.483051838935554000e-02
3.931690968232872188e-03
2.057371640660748263e-02
5.326399514502152543e-01
6.616004928819460007e-01
7.539938426817692774e-01
1.048214970531509589e-02
1.339524072376307474e-02
4.827492053101271711e-03
4.026777434329885039e-03
2.467459478353077884e-01
6.851160869234022011e-01
7.931371634377887281e-01
5.437858573195877149e-02
3.590139194207205009e-03
3.501272211303354306e-03
4.842761044167434581e-03
9.910581090279962924e-01
8.729494081561246510e-01
9.959745127438600631e-01
5.128727519101928395e-02
1.824270186416386830e-01
3.505153059076750004e-03
4.764144623580485530e-03
9.999648450858490412e-01
9.426770042401775296e-01
9.914097160604061765e-01
5.458773586549910128e-02
nan
nan
nan
nan
nan
nan
6.124272872540785506e-02
nan
nan
nan
nan
nan
nan
3.721688807497310070e-02
3.497797386149076228e-03
3.547387782801956872e-03
7.376612321508364475e-03
6.770895600601805064e-01
8.958583712763035223e-01
9.928293690381909675e-01
3.708095498392591921e-02
3.496879349679039243e-03
3.526916295854363309e-03
1.309948027332973226e-02
7.266452353507100170e-01
7.640247094822497642e-01
9.067881397177920411e-01
3.699590912743161430e-02
3.498281392737728410e-03
3.536426952679739850e-03
1.257056679101753449e-02
7.123766509482499787e-01
7.831876987621524400e-01
9.415932387041557883e-01
3.725571264516080311e-02
3.498498987218339688e-03
3.544783110749843893e-03
1.002244042275852315e-02
6.878041034722132130e-01
8.398619415612385009e-01
9.834306935707260999e-01
3.724075602819563319e-02
3.500084130594850566e-03
3.589615614161941783e-03
1.015596696555877074e-02
6.813834734523400716e-01
9.636896638222647304e-01
9.823715950198257385e-01
3.700993574427741822e-02
3.502242541002981158e-03
3.482550417244333323e-03
1.269398566715734984e-02
6.898729534897359850e-01
9.915458905491936203e-01
9.395334750777276644e-01
2.894110171312998941e-02
3.681549814343230108e-03
5.301224439271919747e-02
2.095764822354958395e-02
6.292742759693316090e-01
9.915606864789554553e-01
7.312790222692678865e-01
1.046300966476962357e-02
4.293669592012289843e-03
5.273727842009224252e-03
4.081221892590632810e-03
4.594658206851097160e-01
5.863310803986762076e-01
7.766308289798539155e-01
1.195926167920791268e-02
4.026898470853262739e-03
6.055091012520900408e-03
5.493794320196045654e-03
5.459054369272049456e-01
3.297954912889194401e-01
4.475804524634577342e-01
2.705772838844026570e-02
3.538707881862843910e-03
3.658068324370865668e-03
4.233959804591166942e-02
6.913510693050523015e-01
8.690326911866480541e-01
8.669995143829241080e-01
2.907837175462393495e-02
3.645051940057995703e-03
4.032820279819392811e-03
2.130238916377760056e-02
6.388612659681252026e-01
6.276490960962338717e-01
7.278859350177420140e-01
3.373896743158524142e-02
3.656736351974986757e-03
4.250557971246946877e-03
1.683649817240437038e-02
6.513601062598065594e-01
5.185977529225995752e-01
7.011880989589501789e-01
3.720164691710724919e-02
3.502937640907079382e-03
3.510842116373008148e-03
7.177313014303902082e-03
8.753985085278711553e-01
7.689351206384256177e-01
9.933250025759000623e-01
3.719621493818444508e-02
3.499360623332609891e-03
3.517742352430988390e-03
9.497337127408401330e-03
8.239033035624407919e-01
7.520122632012714581e-01
9.845763424309127432e-01
3.694885940472225627e-02
4.265395188005148726e-03
3.518052431576248508e-03
1.171908679047796616e-02
9.626679995528438782e-01
8.159283313906686708e-01
9.488522823934750772e-01
3.724784107675221945e-02
3.550712846631825549e-03
3.515158031284000562e-03
9.695831005094518798e-03
9.170244677962965385e-01
7.786051487100992263e-01
9.842444541894905807e-01
2.713639952640866868e-02
3.548711533126918012e-03
3.635967219434324809e-03
4.322987177642225592e-02
8.536781926476704196e-01
7.113085453829975924e-01
8.830667260301028332e-01
3.020636704538665757e-02
1.306083439370402631e-02
3.975492285987315168e-03
2.175866397119292917e-02
6.171168379085096856e-01
6.087319346236665929e-01
7.472362938584822256e-01
3.723610032558283267e-02
3.503118585251940604e-03
3.492119242814755841e-03
7.349734075813176178e-03
7.340629291605924589e-01
7.636663271213790516e-01
9.928135470005995389e-01
3.707900536190730095e-02
3.534591581131427823e-03
3.506844024436100993e-03
1.294334984503832386e-02
8.962383772187185738e-01
7.669146272909102002e-01
9.111474546139060049e-01
3.698464985156201673e-02
3.504092319265435587e-03
3.503981827168070346e-03
1.222909788121549594e-02
8.069628850657730723e-01
7.551533958131861901e-01
9.436245792227480056e-01
3.727563597882112278e-02
3.502367208942512317e-03
3.498135595495434520e-03
9.978715180382069505e-03
7.778689409052679249e-01
7.558302942125485480e-01
9.833678475784878303e-01
3.701351160671764035e-02
3.504685031034968003e-03
3.499201452269376424e-03
1.281983215441604741e-02
6.999636875975531192e-01
8.008729568796785214e-01
9.382150257932283521e-01
3.723211060661463234e-02
3.504023340687556498e-03
3.494625891789177128e-03
1.021269927335296396e-02
7.177036389585185194e-01
7.717558818980224666e-01
9.825927564273565507e-01
3.476410607837877864e-02
6.629003040287104014e-03
4.171859511838715492e-03
1.703635541587422350e-02
5.944765815038293155e-01
5.385869381550354440e-01
7.041143897789546857e-01
1.190369993471210482e-02
9.931380436543128104e-03
5.934189337325821226e-03
5.452580941519520608e-03
3.776626423181433378e-01
3.410725045412837386e-01
4.514189208434397638e-01
2.936018507959322829e-02
3.508857680247129667e-03
3.934406134968418921e-03
2.125753647621769077e-02
7.787755550454116271e-01
5.766845055636488082e-01
7.338244933128299508e-01
1.042084229752159030e-02
3.684948588930856295e-03
5.389383036051745984e-03
4.067418003351044864e-03
6.617731558719063267e-01
3.566781805763549751e-01
7.778270846874623112e-01
2.706698462946173500e-02
3.512386721777563219e-03
3.594982855180379674e-03
4.265795196686728019e-02
7.343084518999153376e-01
7.119414899095510840e-01
8.691309657404173716e-01
2.875351705169579969e-02
3.623458521064358735e-03
3.947725018974176416e-03
2.092583185811124069e-02
6.660970999924874514e-01
6.079734032655026432e-01
7.287349585156398524e-01
3.721984054392521446e-02
4.914001479816789905e-03
3.500924224450992824e-03
6.017182882518046748e-03
9.857279553474145306e-01
9.387224193430124819e-01
9.937252356807181330e-01
3.720444604813177153e-02
5.364882112362098082e-02
3.507531901226657034e-03
1.068910763616258940e-02
9.853124034158547984e-01
8.757320276421816097e-01
9.846038697136294537e-01
3.726377263232830139e-02
4.822855216532324213e-03
3.514862791730534539e-03
1.228435543434975435e-02
9.709143576101456619e-01
9.803136492254226342e-01
9.818308786092201368e-01
3.694559064603925025e-02
5.452076452463612728e-03
3.648911189907759998e-03
1.179167535814263507e-02
9.631105104551375140e-01
9.770347408779090914e-01
9.531721151451004737e-01
3.040478460805555450e-02
7.330572985831002378e-03
9.214700789996572647e-03
2.122305844086342860e-02
4.809395510418820185e-01
9.530252251602161495e-01
7.459388611251719370e-01
2.715838175378852345e-02
6.264614399010859890e-03
3.550386977773013156e-03
4.397123137235824791e-02
7.705930351957888114e-01
9.159722679770824216e-01
8.832501639071109745e-01
