1.367549025494671153e-02
1.054910201841145929e-02
1.999200423749668623e-03
1.578843906656870371e-03
2.313168094160095514e-02
4.353582002826271273e-03
4.590343104707018430e-03
3.681248753238668819e-02
6.992821212526267177e-04
6.857092240633602632e-04
2.071129956566242995e-03
7.135054321504418623e-03
7.019320453619056280e-03
8.951998341391671082e-03
3.649330489117641463e-02
6.922489816192058587e-04
7.574584705048314093e-04
4.228197983232085538e-03
7.076383200003279889e-03
7.516350028546537297e-03
1.273636762918772293e-02
3.625428778626611087e-02
8.600565213789422916e-04
6.939668463076651859e-04
3.424350845832415009e-03
8.031391843680126333e-03
7.046235496254042718e-03
1.144898155796237119e-02
3.684952660118528955e-02
6.765131111357743088e-04
6.956957948800400167e-04
1.985988019780409678e-03
6.822748587019869353e-03
7.120006256991650954e-03
8.784819545365248755e-03
2.849069745232540862e-02
6.741228229941385311e-04
6.781990432035133473e-04
4.735860489880367764e-03
6.955008780377413234e-03
7.068752926342300805e-03
9.419764605375186353e-03
1.371471363655040777e-02
7.825401925047261072e-04
1.065085584139090734e-03
7.569814596935802234e-03
6.037314352003882861e-03
5.311133448716870951e-03
2.001243435733032761e-02
1.369351561828722856e-02
1.142260344893188204e-03
1.926171482552767019e-03
1.650839768412307174e-03
5.289103614931076405e-03
4.407021059890967735e-03
4.536938089236367336e-03
1.369921721263119355e-02
6.941754714552606821e-04
3.546658832050828686e-03
2.246235841865948119e-03
7.108269108875004891e-03
1.631747633752559171e-02
4.336743539562455153e-03
1.368657321249681751e-02
1.613365888892681101e-03
1.586251268658646222e-03
9.289884769533950223e-04
9.894861569511036875e-03
4.604196070058919239e-03
5.482965204045599228e-03
1.377188498324347608e-02
6.869519548802706550e-04
9.008743788663174093e-04
9.673126302487145348e-03
6.916134871942573696e-03
5.607505552536282828e-03
2.330909428709309825e-02
2.748617083158708466e-02
6.878816294817236866e-04
6.600313070056374343e-04
4.287921335358047849e-03
7.011997174537937770e-03
6.812534692766139890e-03
8.699413629173462920e-03
3.640518523530469203e-02
6.983875758395394293e-04
6.845710572654974948e-04
4.410815383017794786e-03
7.123407956303102681e-03
7.001697154452159698e-03
1.311767024276482875e-02
3.694962994502563186e-02
6.976972187692357438e-04
6.807605621272220294e-04
2.018410390026041407e-03
7.119592145688568956e-03
6.974173494959469422e-03
8.838645647966972621e-03
3.697510034601701051e-02
6.957729378510784735e-04
6.738172361686254035e-04
9.880682513625622075e-04
7.107980004731926510e-03
6.868581514077059039e-03
5.694312283093225062e-03
3.563520450529477496e-02
6.925209350137937836e-04
6.696946186886717752e-04
1.283797708849758121e-03
7.078917179151103349e-03
6.772235755436656519e-03
5.217549403776828090e-03
3.692509651567537493e-02
6.930331063044213374e-04
6.712237751634703934e-04
9.908700744115333907e-04
7.086128965322522136e-03
6.510546322320190371e-03
5.720381791754157105e-03
3.696709018426799775e-02
6.935437920283776944e-04
1.122865785989547770e-03
2.010922284331351922e-03
7.090923632712456057e-03
8.926435696269581846e-03
8.782280278869163820e-03
3.685011764341220020e-02
7.359882697156609668e-04
6.905690249796140072e-04
1.813658249682863471e-03
7.291166167256073541e-03
7.037499923946921587e-03
8.581968441891433749e-03
3.698470122853961262e-02
7.266731174716535525e-04
6.879376676144642643e-04
9.390050961930170113e-04
7.295831565714038999e-03
7.022892214912497717e-03
5.803295271211696311e-03
3.558955945115632041e-02
7.102389417862709029e-04
6.836232222071418575e-04
1.272203617991662580e-03
7.193071828602578578e-03
6.981538092494818035e-03
5.193489011307409788e-03
3.684053518055314252e-02
6.994680269965332289e-04
6.848751827494484320e-04
9.848967926892261866e-04
7.114139661168555895e-03
7.009476407148107491e-03
5.656421708904517572e-03
1.372986448970471215e-02
3.727741312178803768e-03
1.090800249195016895e-03
7.432268021336514707e-03
6.922834164978431196e-03
5.209055631112286325e-03
1.992605278631485316e-02
3.020893789318094408e-02
2.300555084252987534e-03
6.552359906735261749e-04
4.014631156453759078e-03
7.970499153779972076e-03
6.727503639336508343e-03
7.750997916754169027e-03
3.697543355351234212e-02
6.902800804718145803e-04
7.261725888239025858e-04
2.048249989501735140e-03
7.060715341293425339e-03
7.336716289755495710e-03
8.852592855088079610e-03
3.693749251899453023e-02
6.866997112265850380e-04
7.123282274545400397e-04
9.933738984428061320e-04
7.019655889590929211e-03
7.249882903017603429e-03
5.715047461386766475e-03
3.566668171809025956e-02
6.862464198351014193e-04
7.011640459161684342e-04
1.276199476615496632e-03
7.008606602178847275e-03
7.163064165815889901e-03
5.228541965360817070e-03
3.702832624917053173e-02
6.871111147101858097e-04
7.013496325810649867e-04
9.763466962123605554e-04
7.015268405456783450e-03
7.166049144979693905e-03
5.688114210420522343e-03
3.696367091061016075e-02
6.840191472058571075e-04
7.015514882071483384e-04
1.909179569085104776e-03
6.957788778491208470e-03
7.163527955265146761e-03
8.647700354719562235e-03
3.639376257325770830e-02
6.800821087064970764e-04
6.984208538167650630e-04
4.187493751196846511e-03
6.910587426489113276e-03
7.136229692290571233e-03
1.276233747419146594e-02
2.725873528400457602e-02
9.232916683755180379e-04
6.638580487705491489e-04
4.147884720878562692e-03
7.892305442687279696e-03
6.832803675719220302e-03
8.359258421048983492e-03
1.377047802427515399e-02
5.369085398950842851e-03
8.747029165280418173e-04
9.645929932078890767e-03
1.168542865576751438e-02
5.706428937534086324e-03
2.328612019492012561e-02
1.368262355987265484e-02
4.730588197651900036e-03
1.336880850949348888e-03
9.096072668939659059e-04
8.561602766578831417e-03
4.931104637131965632e-03
5.523006375465722324e-03
3.689764980185834126e-02
6.924208645585984466e-04
6.883209093333828672e-04
9.378741084730610449e-04
6.637060151713220293e-03
7.042491528919322952e-03
5.721737392495207519e-03
3.563155320605434356e-02
3.319273805889227241e-02
6.902188301987115726e-04
1.053325095287369062e-03
1.701028429769046724e-01
7.037417507426065380e-03
5.279783472311817827e-03
3.700505142663964436e-02
nan
nan
nan
nan
nan
nan
3.686798508065743801e-02
nan
nan
nan
nan
nan
nan
2.452471703262226743e-02
6.813391907107903571e-04
6.638762834589670035e-04
2.107549090804572423e-03
6.990073082161099398e-03
6.671067582094964386e-03
6.156213306161677397e-03
2.893069955442549579e-02
6.822755365299410088e-04
6.576315254540706550e-04
4.658662214926360609e-03
7.021688790074158762e-03
6.777997475150272441e-03
9.181713873680351357e-03
2.694642059520227159e-02
6.797870394637736680e-04
6.586056445688981886e-04
4.469125043963529005e-03
7.009887584940799159e-03
6.682985781996777890e-03
9.276942263096197433e-03
2.505577897330671724e-02
6.786164527103573157e-04
6.630106893234666982e-04
3.344031972972728774e-03
6.978795728694258023e-03
6.634671736733781591e-03
8.104323327996315954e-03
2.502363689093901541e-02
6.765119986599638351e-04
6.609829897019994533e-04
3.400296991151501285e-03
6.953342316070390723e-03
6.651348135422577301e-03
8.223195951938409159e-03
2.676440072274180806e-02
6.740938278760521749e-04
7.091666012948822729e-04
4.516984240732173708e-03
6.950701650972292665e-03
7.113062332164400876e-03
9.361793280111163629e-03
1.376249777695034635e-02
7.391394803141953032e-04
2.536834902639065539e-02
9.795787445301540677e-03
6.182032755985393709e-03
4.070537716104699610e-02
2.332185308485428682e-02
1.368491339099000247e-02
1.075219096383413708e-03
1.540068639715495326e-03
9.405787331956823013e-04
5.385473575723024806e-03
4.638756604399163486e-03
5.454429098633326554e-03
1.369134237968461058e-02
9.375603069883219585e-04
1.879251316973694005e-03
1.641450415899468537e-03
5.721581586200725870e-03
4.406147155483405679e-03
4.544354307153410794e-03
1.457978219690195081e-02
6.703440959735367530e-04
6.972828820348389621e-04
3.092245873943104406e-02
6.644683399048134133e-03
6.230781416207584363e-03
4.304350818288142644e-02
1.376514939084150062e-02
7.215796403026651347e-04
9.223788035863274282e-04
1.001888255013221388e-02
6.277134880950486356e-03
5.548368458584048042e-03
2.362705377448338917e-02
1.371589342405092095e-02
7.333713478687087966e-04
1.044629281441715029e-03
7.340803412853530788e-03
6.279255652499136399e-03
5.312986991072302795e-03
1.972593092127523928e-02
2.446142121522486626e-02
7.246864425623511258e-04
6.678480369010632257e-04
2.029908048217459945e-03
7.288567829247490255e-03
6.820941126397391321e-03
6.000684756522042113e-03
2.508177806857595990e-02
7.029779380837724743e-04
6.624811564029774039e-04
3.149411255669391004e-03
7.112969289683170916e-03
6.769930794138649330e-03
7.532848755245629031e-03
2.756220996546139904e-02
1.272662230866132994e-03
6.588488752573559227e-04
4.143209492918451843e-03
9.472907538036182476e-03
6.808111232054566038e-03
8.526688704143966374e-03
2.516504032286604256e-02
7.987296041444064609e-04
6.625696391085354135e-04
3.236692520779444523e-03
7.686664151539939621e-03
6.792054353075452182e-03
7.699536253633960069e-03
1.454487447630838613e-02
8.059159949288252373e-04
6.973514570108564842e-04
3.066013529092218720e-02
7.740013345144028389e-03
6.255672373874269533e-03
4.382130490015452573e-02
1.377398648530790866e-02
5.998476343944520416e-03
8.933142307385123684e-04
1.037768537158388973e-02
1.994425378003761989e-02
5.617324024835242298e-03
2.421169387309006840e-02
2.454943638619295695e-02
6.832612782988488126e-04
6.775554058359011672e-04
2.098996873075017339e-03
6.987594829543362571e-03
6.987307260878135827e-03
6.127212757746309212e-03
2.910092089923185452e-02
7.384077228920767717e-04
6.649635729741439029e-04
4.602895853558822657e-03
7.273678197706160038e-03
6.906799249053550277e-03
9.114287934876163025e-03
2.704681343601458496e-02
7.045742350071756326e-04
6.660532197849181307e-04
4.337483005690772123e-03
7.165315673541773796e-03
6.912430958010001847e-03
8.984675334789691756e-03
2.507214352742083777e-02
6.881659288744170757e-04
6.690681688910426290e-04
3.321065341709933134e-03
7.044235705206548792e-03
6.913390695262488367e-03
8.082735138225213140e-03
2.672537813979065577e-02
6.744401509613340371e-04
6.745715292915373598e-04
4.565132535314354000e-03
6.920476369863518343e-03
7.025642717200243116e-03
9.466143155273568088e-03
2.501000009802070018e-02
6.783723456342274048e-04
6.718401724628930791e-04
3.422095909766067600e-03
6.937687760160476773e-03
6.962648860241407722e-03
8.286370049206688571e-03
1.372028466462885295e-02
2.618826738028351853e-03
1.007149074008792736e-03
7.454809856283942798e-03
1.243371766793792584e-02
5.410848172712465209e-03
1.990944775408497874e-02
1.368883785471780232e-02
4.135929224068132966e-03
1.826609180384473289e-03
1.623339828939642524e-03
1.511805807335567416e-02
4.449443784177422624e-03
4.557392351202183174e-03
1.376777353788160088e-02
7.303079281573749857e-04
8.752781795704667363e-04
1.000896046398482876e-02
7.367149669184846345e-03
5.689457587165486566e-03
2.364498486550174403e-02
1.368354468593636908e-02
7.532741917850009237e-04
1.593309461247137274e-03
9.322954365654343876e-04
6.256879337853901019e-03
4.619642734332440534e-03
5.470945813320002987e-03
1.458127770093058627e-02
6.757599793136438021e-04
6.819171956471123180e-04
3.095291076051755533e-02
6.862961429635802517e-03
6.374238418920974251e-03
4.323473193544932064e-02
1.376169841631863337e-02
7.112457477259503816e-04
8.840605351402083941e-04
9.769356366152514431e-03
6.350786429604145418e-03
5.670593127290157395e-03
2.327463714017412658e-02
2.448471520925658840e-02
1.179053861528132473e-03
6.797237929521039593e-04
1.613662442272438590e-03
5.090027162281525464e-03
6.972763588533194279e-03
5.264262571743561804e-03
2.510692477806721057e-02
4.215457179717259362e-02
6.686203733953813245e-04
3.597618736351265896e-03
6.653831419115438517e-02
6.825588546529327491e-03
8.863785531383474442e-03
2.523033639204383047e-02
1.081185231270787375e-03
7.274800730933990303e-04
4.118749377453269703e-03
5.271274433259857950e-03
7.348828851951088627e-03
1.120169622882285707e-02
2.761838986536920004e-02
1.198647221645246811e-03
7.016077802566385215e-04
4.157827227356791604e-03
5.585519521732810327e-03
6.211367364480588696e-03
9.395900834473534108e-03
1.377606136804033349e-02
2.432246932003287367e-03
3.159839186413764857e-03
9.984521646043071144e-03
4.696896836086041430e-03
5.801436494908464997e-03
2.362274299020169360e-02
1.455150060378954981e-02
1.930137411654553065e-03
6.694931727524300455e-04
3.020029460201152996e-02
4.750376029590563237e-03
6.564094571155945808e-03
4.377208452725168258e-02
3.870485933174589582e-03
1.054908170474928679e-02
1.999202388332982361e-03
1.578844260123735523e-03
2.313167864128123918e-02
4.353582025192944890e-03
4.590343103038200569e-03
3.993853268477159241e-02
6.992821212526267177e-04
6.857092240633602632e-04
2.071129956566242995e-03
7.135054321504418623e-03
7.019320453619056280e-03
8.951998341391671082e-03
4.202440531604943047e-02
6.922489816192058587e-04
7.574584705072828989e-04
4.228197983232085538e-03
7.076383200003279889e-03
7.516350028546537297e-03
1.273636762918772293e-02
4.396215180143937112e-02
8.600565213789422916e-04
6.939668463076651859e-04
3.424350845832415009e-03
8.031391843680126333e-03
7.046235496254042718e-03
1.144898155796237119e-02
4.015803833221993219e-02
6.765131111357743088e-04
6.956957948800400167e-04
1.985988019780409678e-03
6.822748587019869353e-03
7.120006256991650954e-03
8.784819545365248755e-03
2.344570175243570684e-02
6.741228229941385311e-04
6.781990432035133473e-04
4.735860489880367764e-03
6.955008780377413234e-03
7.068752926342300805e-03
9.419763850701026384e-03
1.908955181671623258e-02
7.825401925047261072e-04
1.065085584139090734e-03
7.569814596935802234e-03
6.037314352003882861e-03
5.311133448716870951e-03
2.001243435733032761e-02
4.008564603724261606e-03
1.142260344893188204e-03
1.926171482552767019e-03
1.650839768412307174e-03
5.289103614931076405e-03
4.407021059890967735e-03
4.536938089236367336e-03
4.222191693643639193e-03
6.941754714552606821e-04
3.546658832050828686e-03
2.246235841865948119e-03
7.108269108875004891e-03
1.631747633752559171e-02
4.336743539562455153e-03
3.500553126949164286e-03
1.613365888892681101e-03
1.586251268658646222e-03
9.289884769533950223e-04
9.894861569511036875e-03
4.604196070058919239e-03
5.482965204045599228e-03
1.654769995574525976e-02
6.869519548802706550e-04
9.008743788663174093e-04
9.673126302487145348e-03
6.916134871942573696e-03
5.607505552536282828e-03
2.330909428709309825e-02
2.365236508218523243e-02
6.878816294817236866e-04
6.600313070056374343e-04
4.287921335667805277e-03
7.011997174537937770e-03
6.812534692766139890e-03
8.699414264764060434e-03
4.258470065987342290e-02
6.983875758395394293e-04
6.845710572654974948e-04
4.410815383017794786e-03
7.123407956303102681e-03
7.001697154452159698e-03
1.311767024276482875e-02
4.004436871323169278e-02
6.976972187692357438e-04
6.807605667566966759e-04
2.018410390026041407e-03
7.119592145688568956e-03
6.974173506342853240e-03
8.838645647966972621e-03
3.722704296941290597e-02
6.957729378510784735e-04
6.738172361686254035e-04
9.880682513625622075e-04
7.107980004731926510e-03
6.868581514077059039e-03
5.694312592129356816e-03
3.559342157389824152e-02
6.925209350137937836e-04
6.696946186886717752e-04
1.283797708849758121e-03
7.078917179151103349e-03
6.772235755436656519e-03
5.217549403776828090e-03
3.717555041563211371e-02
6.930331063044213374e-04
6.712237751634703934e-04
9.908700744115333907e-04
7.086128965322522136e-03
6.510546322320190371e-03
5.720381791754157105e-03
3.982774268023126646e-02
6.935437920283776944e-04
1.122865785989547770e-03
2.010922284331351922e-03
7.090923632712456057e-03
8.926435696269581846e-03
8.782278336962124135e-03
4.059097011743561384e-02
7.359882697156609668e-04
6.905690249796140072e-04
1.813658249682863471e-03
7.291166167256073541e-03
7.037499923946921587e-03
8.581968441891433749e-03
3.726399884721227906e-02
7.266731174716535525e-04
6.879376676144642643e-04
9.390050961930170113e-04
7.295831565714038999e-03
7.022892214912497717e-03
5.803295271211696311e-03
3.553534376587552668e-02
7.102389417862709029e-04
6.836232222071418575e-04
1.272203617991662580e-03
7.193071828602578578e-03
6.981538092494818035e-03
5.193489011307409788e-03
3.709685009158830704e-02
6.994680269965332289e-04
6.848751827494484320e-04
9.848967926892261866e-04
7.114139661168555895e-03
7.009476407148107491e-03
5.656421707186733670e-03
2.194668116623780738e-02
3.727741312178803768e-03
1.090800249195016895e-03
7.432268021336514707e-03
6.922834164978431196e-03
5.209055631112286325e-03
1.992605278631485316e-02
2.328559567752726961e-02
2.300555084252987534e-03
6.552359906735261749e-04
4.014631156453759078e-03
7.970499153779972076e-03
6.727503639336508343e-03
7.750997916754169027e-03
3.980755843618992429e-02
6.902800804718145803e-04
7.261725888239025858e-04
2.048249989501735140e-03
7.060715341293425339e-03
7.336716289755495710e-03
8.852592855088079610e-03
3.720209898415930555e-02
6.866997112265850380e-04
7.123282274545400397e-04
9.933738984428061320e-04
7.019655889590929211e-03
7.249882903017603429e-03
5.715046423229575186e-03
3.562481299809897028e-02
6.862464198351014193e-04
7.011640459161684342e-04
1.276199476615496632e-03
7.008606602178847275e-03
7.163064165815889901e-03
5.228541965360817070e-03
3.726559630049196964e-02
6.871111147101858097e-04
7.013496325810649867e-04
9.763466962123605554e-04
7.015268405456783450e-03
7.166049144979693905e-03
5.688114770238933589e-03
4.009986300777486357e-02
6.840191472058571075e-04
7.015514882071483384e-04
1.909179569085104776e-03
6.957788778491208470e-03
7.163527955265146761e-03
8.647700354719562235e-03
4.275097277802183265e-02
6.800821087064970764e-04
6.984208538167650630e-04
4.187493751196846511e-03
6.910587426489113276e-03
7.136229692290571233e-03
1.276233747419146594e-02
2.371707834658061398e-02
9.232916683755180379e-04
6.638580487705491489e-04
4.147884720878562692e-03
7.892305442687279696e-03
6.832803675719220302e-03
8.359258421048983492e-03
1.653825122658092797e-02
5.369085398950842851e-03
8.747029165280418173e-04
9.645929932078890767e-03
1.168542865576751438e-02
5.706428937534086324e-03
2.328612019492012561e-02
3.452799646623142503e-03
4.730588197651900036e-03
1.336880850949348888e-03
9.096072668939659059e-04
8.561602766578831417e-03
4.931104637131965632e-03
5.523006375465722324e-03
3.718574042202100333e-02
6.924208645585984466e-04
6.883209093333828672e-04
9.378741084730610449e-04
6.637060151713220293e-03
7.042491528919322952e-03
5.721737392495207519e-03
3.557718358287271371e-02
3.319273805889227241e-02
6.902188301987115726e-04
1.053325095287369062e-03
1.701028429769046724e-01
7.037417507426065380e-03
5.279783472311817827e-03
3.728655409075733868e-02
nan
nan
nan
nan
nan
nan
4.063070708871956843e-02
nan
nan
nan
nan
nan
nan
2.471118494720586992e-02
6.813391907107903571e-04
6.638762834589670035e-04
2.107549090804572423e-03
6.990073082161099398e-03
6.671067582094964386e-03
6.156213306161677397e-03
2.339452883882379639e-02
6.822755365299410088e-04
6.576315254540706550e-04
4.658662187201863432e-03
7.021688790074158762e-03
6.777997475150272441e-03
9.181712589046240464e-03
2.381850415671226892e-02
6.797870394637736680e-04
6.586056445688981886e-04
4.469125043963529005e-03
7.009887584940799159e-03
6.682985781996777890e-03
9.276942263096197433e-03
2.468390730442351563e-02
6.786164527103573157e-04
6.630106893234666982e-04
3.344031302855011815e-03
6.978795728694258023e-03
6.634671736733781591e-03
8.104322031516186103e-03
2.465491573539432477e-02
6.765119986599638351e-04
6.609829897019994533e-04
3.400296991151501285e-03
6.953342316070390723e-03
6.651348135422577301e-03
8.223195951938409159e-03
2.383768218846380252e-02
6.740938278760521749e-04
7.091666012948822729e-04
4.516984240732173708e-03
6.950701650972292665e-03
7.113062332164400876e-03
9.361793280111163629e-03
1.601087369957537171e-02
7.391394803141953032e-04
2.536834902639065539e-02
9.795787445301540677e-03
6.182032755985393709e-03
4.070537716104699610e-02
2.332185308485428682e-02
3.448272839518731064e-03
1.075219096383413708e-03
1.540068639715495326e-03
9.405787331956823013e-04
5.385473575723024806e-03
4.638756604399163486e-03
5.454429098633326554e-03
4.000255743513638114e-03
9.375603069883219585e-04
1.879251316973694005e-03
1.641450415899468537e-03
5.721581586200725870e-03
4.406147155483405679e-03
4.544354307153410794e-03
1.481726938554199513e-02
6.703440959735367530e-04
6.972828820348389621e-04
3.092245858546362539e-02
6.644683399048134133e-03
6.230781416207584363e-03
4.304350689895205390e-02
1.612861099795270467e-02
7.215796403026651347e-04
9.223788035863274282e-04
1.001888255013221388e-02
6.277134880950486356e-03
5.548368458584048042e-03
2.362705377448338917e-02
1.921745409154098846e-02
7.333713478687087966e-04
1.044629281441715029e-03
7.340803412853530788e-03
6.279255652499136399e-03
5.312986991072302795e-03
1.972593092127523928e-02
2.469044747142260660e-02
7.246864425623511258e-04
6.678480369010632257e-04
2.029908048217459945e-03
7.288567829247490255e-03
6.820941126397391321e-03
6.000684756522042113e-03
2.460587764223281029e-02
7.029779380837724743e-04
6.624811564029774039e-04
3.149411255669391004e-03
7.112969289683170916e-03
6.769930794138649330e-03
7.532848755245629031e-03
2.370993435807228905e-02
1.272662230866132994e-03
6.588488752573559227e-04
4.143209492918451843e-03
9.472907538036182476e-03
6.808111232054566038e-03
8.526688704143966374e-03
2.469771896564127919e-02
7.987296041444064609e-04
6.625696391085354135e-04
3.236692495661718915e-03
7.686664151539939621e-03
6.792054353075452182e-03
7.699532843912579826e-03
1.489902066071643015e-02
8.059159949288252373e-04
6.973514570108564842e-04
3.066013529092218720e-02
7.740013345144028389e-03
6.255672373874269533e-03
4.382130490015452573e-02
1.690717106514463136e-02
5.998476343944520416e-03
8.933142307385123684e-04
1.037768534445044320e-02
1.994425378003761989e-02
5.617324024835242298e-03
2.421169360299040008e-02
2.473999101861188918e-02
6.832612782988488126e-04
6.775554058359011672e-04
2.098996873075017339e-03
6.987594829543362571e-03
6.987307260878135827e-03
6.127212757746309212e-03
2.338232489243978127e-02
7.384077228920767717e-04
6.649635729741439029e-04
4.602895853558822657e-03
7.273678197706160038e-03
6.906799249053550277e-03
9.114287934876163025e-03
2.381196368089078322e-02
7.045742350071756326e-04
6.660532197849181307e-04
4.337483005690772123e-03
7.165315673541773796e-03
6.912430958010001847e-03
8.984675334789691756e-03
2.472300831025969758e-02
6.881659288744170757e-04
6.690681688910426290e-04
3.321065341709933134e-03
7.044235705206548792e-03
6.913390695262488367e-03
8.082735138225213140e-03
2.385467380704197476e-02
6.744401509613340371e-04
6.745715292915373598e-04
4.565132535314354000e-03
6.920476369863518343e-03
7.025642717200243116e-03
9.466143155273568088e-03
2.462964530145522399e-02
6.783723456342274048e-04
6.718401724628930791e-04
3.422095909766067600e-03
6.937687760160476773e-03
6.962648860241407722e-03
8.286370049206688571e-03
1.988433974177742508e-02
2.618826738028351853e-03
1.007149074008792736e-03
7.454809856283942798e-03
1.243371766793792584e-02
5.410848172712465209e-03
1.990944775408497874e-02
3.981802008668646094e-03
4.135929224068132966e-03
1.826609180384473289e-03
1.623339828939642524e-03
1.511805807335567416e-02
4.449443784177422624e-03
4.557392351202183174e-03
1.633530677734229900e-02
7.303079281573749857e-04
8.752781795704667363e-04
1.000896046398482876e-02
7.367149669184846345e-03
5.689457587165486566e-03
2.364498486550174403e-02
3.434084670706896280e-03
7.532741917850009237e-04
1.593309461247137274e-03
9.322954365654343876e-04
6.256879337853901019e-03
4.619642734332440534e-03
5.470945813320002987e-03
1.483389717132124232e-02
6.757599793136438021e-04
6.819171956471123180e-04
3.095291076051755533e-02
6.862961429635802517e-03
6.374238418920974251e-03
4.323473193544932064e-02
1.587170279572192727e-02
7.112457477259503816e-04
8.840605351402083941e-04
9.769356366152514431e-03
6.350786429604145418e-03
5.670593127290157395e-03
2.327463714017412658e-02
2.471845984361189380e-02
1.179053861528132473e-03
6.797237929521039593e-04
1.613662442272438590e-03
5.090027162281525464e-03
6.972763588533194279e-03
5.264262571743561804e-03
2.461817565036674912e-02
4.215457179717259362e-02
6.686203733953813245e-04
3.597618736351265896e-03
6.653831419115438517e-02
6.825588546529327491e-03
8.863785531383474442e-03
2.473408166461084703e-02
1.081185231270787375e-03
7.274800730933990303e-04
4.118749377453269703e-03
5.271274433259857950e-03
7.348828851951088627e-03
1.120169622882285707e-02
2.370895176299928769e-02
1.198647221645246811e-03
7.016077802566385215e-04
4.157827227356791604e-03
5.585519521732810327e-03
6.211367364480588696e-03
9.395900834473534108e-03
1.705098041304712111e-02
2.432246932003287367e-03
3.159839186413764857e-03
9.984521646043071144e-03
4.696896836086041430e-03
5.801436494908464997e-03
2.362274299020169360e-02
1.492412626797907926e-02
1.930137411654553065e-03
6.694931727524300455e-04
3.020029460201152996e-02
4.750376029590563237e-03
6.564094571155945808e-03
4.377208452730859539e-02
