1.029697270926440908e-02
9.073560771846471765e-03
2.132009140684474734e-03
1.797340115307183208e-03
2.950756174121655848e-02
1.547182753684485899e-02
1.524977555907023816e-02
3.673169651092375587e-02
8.042325793602920483e-04
8.188355524247258261e-04
1.567659242407869278e-03
1.466387836167309250e-02
1.469277404753824463e-02
1.652724743229897972e-02
3.619026445996299801e-02
8.115518360276642888e-04
7.617263458283175933e-04
3.087656674612249998e-03
1.467759337177491907e-02
1.460991117816593833e-02
1.802553239592285389e-02
3.582996647969256820e-02
7.674330330689520729e-04
8.233763913002782164e-04
2.486533257029410748e-03
1.454763222675126144e-02
1.466115019993802053e-02
1.731249695236358396e-02
3.683054369813676399e-02
8.572389020888187584e-04
8.028827196681428838e-04
1.518061104121520453e-03
1.472036549431890440e-02
1.467770465358476592e-02
1.648114951833744291e-02
2.534806689596470416e-02
8.216723710259386674e-04
7.921041239344516404e-04
4.430732762602610127e-03
1.472883017006501941e-02
1.474697160658163149e-02
1.992697708897202963e-02
1.033800793181645361e-02
1.078986469916573413e-03
1.362307904726473961e-03
5.678676105544273531e-03
1.479654359135580168e-02
1.495363135557316141e-02
2.051313416316309646e-02
1.030485216049727495e-02
1.412001032783532150e-03
2.063201474147611549e-03
1.853318161588759583e-03
1.487842130596114636e-02
1.533703351700641156e-02
1.527052277770795698e-02
1.031191303498004731e-02
8.039721084056606617e-04
2.676814130310452983e-03
2.325432188601199868e-03
1.468265479778175370e-02
1.670797361201055084e-02
1.560540585475939449e-02
1.029913867521637348e-02
1.017698713038599559e-03
1.798467429889241166e-03
1.257629428884154662e-03
1.495865739895698050e-02
1.521271046173278824e-02
1.500836094282636569e-02
1.040583828189712949e-02
8.486423799661053837e-04
1.219771128781659952e-03
7.400012085485713209e-03
1.467120877641483849e-02
1.492746166355452681e-02
2.276876741608474877e-02
2.433969868739213616e-02
8.253826397800626338e-04
8.410626703494239248e-04
4.090139160122953539e-03
1.467511944609308124e-02
1.478037074171232972e-02
1.955279164684845319e-02
3.605909760172630596e-02
8.061821717184063270e-04
8.219756025496334148e-04
3.219711963622972316e-03
1.466404262118485569e-02
1.469436117761134183e-02
1.810856674699061128e-02
3.700936918109200974e-02
8.068026813683676704e-04
8.243893485051457734e-04
1.537659487046512310e-03
1.466501264053387925e-02
1.470801965177344350e-02
1.650321790770385016e-02
3.683491006853070737e-02
8.070299240620408760e-04
8.430658443372232320e-04
1.377837997388712014e-03
1.467127152431855000e-02
1.472808418571958100e-02
1.609736348691933466e-02
3.422197884808634433e-02
8.114859519243575094e-04
8.609716712193041851e-04
1.676647046184868073e-03
1.467621115328500425e-02
1.475076613730322977e-02
1.635692127006213234e-02
3.672920687805854983e-02
8.097457143987632977e-04
9.164453035659001715e-04
1.376392911964429040e-03
1.467695423492304529e-02
1.482859738852506347e-02
1.611008879511067679e-02
3.701597351407354131e-02
8.091765194853125067e-04
7.968338043130732216e-04
1.544950685762311749e-03
1.467592140116281106e-02
1.456514300558370278e-02
1.654047224140371697e-02
3.688076352185716555e-02
8.112180339133966654e-04
8.213784798929679156e-04
1.392807727569111325e-03
1.457477606699496622e-02
1.467222542825267866e-02
1.630023348021076082e-02
3.689484746359529554e-02
7.948066592058779332e-04
8.212677946002507057e-04
1.315983494867192100e-03
1.460900176781798968e-02
1.468173089469277000e-02
1.602295642342825219e-02
3.417668074244551574e-02
8.025898802753788849e-04
8.271669176639377327e-04
1.664554309772438984e-03
1.463598285092919567e-02
1.469189910115010524e-02
1.630626089766334941e-02
3.659885653940344458e-02
8.109785440788957198e-04
8.206953626699029815e-04
1.377757309130734969e-03
1.465513848530954066e-02
1.469351802399821057e-02
1.606717817907248394e-02
1.034066241202011467e-02
3.603972604113605052e-03
1.395292733335249096e-03
5.575167005291860496e-03
1.826486178405301031e-02
1.503159816400540146e-02
2.037779436304146957e-02
2.716461555133321826e-02
2.585787573916132481e-03
8.570905175883951257e-04
3.849416053906583660e-03
1.912641436460969790e-02
1.479882141082911745e-02
1.882998938050924401e-02
3.703046307282818750e-02
8.128666143196662964e-04
7.780305935798207968e-04
1.564996823955614813e-03
1.468350235153024694e-02
1.463535609538946063e-02
1.655640963859061898e-02
3.675421904154899805e-02
8.202042704206309251e-04
7.858866122880213542e-04
1.378651100992038785e-03
1.468821702431892355e-02
1.465508600025162630e-02
1.611150596327911438e-02
3.427831493272449903e-02
8.225519855103842698e-04
7.981254362906245112e-04
1.670238323714224151e-03
1.468813571693184175e-02
1.466610306655643028e-02
1.635302252239957677e-02
3.693939990643803351e-02
8.218633441645930258e-04
7.972253335264335066e-04
1.367848927794222159e-03
1.468580325980580956e-02
1.466723858209438569e-02
1.606946242926830110e-02
3.704408632529811868e-02
8.336927492928197661e-04
7.983481752092800752e-04
1.473353897533773811e-03
1.468897889648900466e-02
1.466508901910599898e-02
1.643541809606676590e-02
3.604495035615934428e-02
8.404522116858013708e-04
8.029083187776490981e-04
3.048861692153886655e-03
1.470302103148839537e-02
1.466777863405017805e-02
1.791607494237507786e-02
2.410198106948554034e-02
8.992004389807442891e-04
8.420188539301266296e-04
3.976166745360337415e-03
1.431496728561610851e-02
1.475313982672406959e-02
1.932362958377579001e-02
1.040313693921062453e-02
4.987057966302624323e-03
1.188196826302209685e-03
7.378419499701065892e-03
2.167486107151884306e-02
1.488274006786097226e-02
2.274430549048433309e-02
1.029751241773863880e-02
4.366622264395271860e-03
1.585348570498693087e-03
1.239953913872769578e-03
1.909992759126512285e-02
1.502249766978506346e-02
1.500412521279621478e-02
3.671556449461779725e-02
9.126089824697414948e-04
8.159574884911885472e-04
1.324554229267246386e-03
1.471358978555162463e-02
1.468641549602750680e-02
1.598154338265575861e-02
3.425680340042391858e-02
2.925506479874521309e-02
8.201889153374323843e-04
1.458662828231437319e-03
1.704140133037612970e-01
1.467826790405423777e-02
1.595649357796417520e-02
3.693687357076188421e-02
nan
nan
nan
nan
nan
nan
3.691882400267557790e-02
nan
nan
nan
nan
nan
nan
2.184842924248366763e-02
8.224229370009944343e-04
8.784362871564939130e-04
2.399506716160969538e-03
1.469852871686092889e-02
1.478092137900665314e-02
1.778539042526873157e-02
2.580922438749782763e-02
8.140419023749951959e-04
8.466334452384178134e-04
4.364774759397881468e-03
1.470445371115710817e-02
1.479380894332778772e-02
1.975711593233677246e-02
2.378516964564684338e-02
8.135398388315386855e-04
8.707939728235847320e-04
4.246514958769201029e-03
1.471465073357722253e-02
1.479213470913968986e-02
1.996531978161582982e-02
2.204041790497072995e-02
8.216558958023503952e-04
8.861472027039452070e-04
3.415232373584622255e-03
1.470915757557818976e-02
1.478343678118463657e-02
1.939432931962692397e-02
2.200941342265893413e-02
8.260932979409313327e-04
8.747584398039855505e-04
3.461414621861965465e-03
1.471298785789998398e-02
1.484395611526616136e-02
1.947849990397563374e-02
2.359984723568497519e-02
8.230150942547659592e-04
8.313504445082590998e-04
4.283497841034227330e-03
1.472665121457433259e-02
1.460786503297859841e-02
2.001451405324182128e-02
1.040826520631129952e-02
1.027152312238382428e-03
2.039681548359996086e-02
7.488507549989446496e-03
1.478854181273317643e-02
4.222635721850308277e-02
2.286359756476677441e-02
1.029844931406831247e-02
1.356993224503489498e-03
1.763838051693735658e-03
1.269170343456085641e-03
1.487231488036962548e-02
1.520805738454188670e-02
1.501917100826885391e-02
1.030370834487048630e-02
1.223989327253320993e-03
2.032904398624220312e-03
1.845731124608122192e-03
1.478270375694537044e-02
1.536808514087479455e-02
1.526598783896730704e-02
1.137699496220931882e-02
8.914096968590905223e-04
9.898644186956163937e-04
2.533264006938617044e-02
1.475177178109912668e-02
1.486823582424559760e-02
4.131677560111087638e-02
1.041029682551444097e-02
9.990937084514888225e-04
1.242265289775184092e-03
7.670222148306955236e-03
1.477110404246633098e-02
1.494959761259377629e-02
2.309442972682046805e-02
1.034019504939960761e-02
1.007180729833873556e-03
1.351025861549731786e-03
5.497920551955961729e-03
1.474807519259715288e-02
1.498544193492530076e-02
2.027620795474569318e-02
2.180915825870310618e-02
7.921967404556307319e-04
8.500510556189185387e-04
2.331047573402009188e-03
1.462009799604259939e-02
1.473603183978626843e-02
1.762725020783195012e-02
2.207020908118990585e-02
8.168862982542973022e-04
8.560489698354274484e-04
3.246739796068565023e-03
1.463998277366390828e-02
1.476038440437685111e-02
1.897203711844852939e-02
2.441092190991423286e-02
9.417389126723210886e-04
8.415512215350988120e-04
3.983917341850676253e-03
1.438389569200233288e-02
1.478237696783124729e-02
1.947513561849654323e-02
2.214984302213180573e-02
7.645385908110268825e-04
8.504361331278118214e-04
3.317624529407445753e-03
1.455973651800308681e-02
1.476009306790362213e-02
1.909315936607244163e-02
1.131831012747931860e-02
7.473153011701135027e-04
9.859156968702001856e-04
2.523244355604969957e-02
1.459235739112864014e-02
1.484116055321633466e-02
4.243835999547877075e-02
1.040208967934025917e-02
4.568762786775946994e-03
1.213856410256761642e-03
7.971002000307276375e-03
1.918761336937563344e-02
1.493199196576875699e-02
2.348897323467339857e-02
2.187337962250568077e-02
8.249569401494016418e-04
8.190680177075135683e-04
2.391861955691278185e-03
1.469442163912214848e-02
1.470924189110988517e-02
1.776035733922129434e-02
2.599076477878612887e-02
8.167074537294838473e-04
8.227782473899168496e-04
4.324049660506758611e-03
1.457139740499886066e-02
1.476410385351888642e-02
1.973228015534074856e-02
2.389024544501135161e-02
8.004965068303125696e-04
8.226646840717850807e-04
4.141466479538488676e-03
1.466144196290631793e-02
1.475744017039647138e-02
1.977732370593451514e-02
2.205876680577136331e-02
8.144529678950828896e-04
8.280000472825361363e-04
3.397768047730925344e-03
1.469034559750037952e-02
1.473500166099584938e-02
1.938130983378334726e-02
2.356153836778719299e-02
8.317758691747308706e-04
7.998238201967996543e-04
4.321925671514696178e-03
1.471941393264162255e-02
1.475340181590291053e-02
2.008070864677704431e-02
2.199341646624895785e-02
8.327345979828540022e-04
8.177197461480381667e-04
3.479941142356246866e-03
1.470422305815270898e-02
1.473277928630166260e-02
1.952428285113172457e-02
1.033962236797377268e-02
1.769799007821498509e-03
1.312954749568205322e-03
5.590463529760651522e-03
1.551144634927391006e-02
1.494074876291309230e-02
2.039688679142527897e-02
1.030245298298198935e-02
2.951908430612378269e-03
1.985874021709954033e-03
1.831630428860690774e-03
1.694436430813192271e-02
1.529656491267256634e-02
1.526035929259591910e-02
1.040840672572727887e-02
7.654500794879409535e-04
1.191326218901081436e-03
7.664586279402964449e-03
1.466588214364027490e-02
1.489658405681178188e-02
2.309146645992105409e-02
1.029793390654976798e-02
1.024745773518175159e-03
1.799028845133579697e-03
1.261750670721129963e-03
1.472525896836164236e-02
1.517705614748271654e-02
1.501755998318721023e-02
1.137785473542781908e-02
8.481815087586636048e-04
9.531791136744577212e-04
2.538036341224767650e-02
1.471072132573839238e-02
1.481447189061383882e-02
4.159893603280336721e-02
1.041240660487036465e-02
9.792159260849269201e-04
1.199378069852656071e-03
7.466203449167848130e-03
1.475788461284488831e-02
1.489702432255990069e-02
2.283355497933555953e-02
2.183554957756074152e-02
1.573881374778198991e-03
8.252055246283252366e-04
1.952672109975095568e-03
1.604800037347438313e-02
1.470295396354635332e-02
1.672093766352839017e-02
2.209444383209067247e-02
3.949540161342781491e-02
8.505141619868114653e-04
3.634920367920461276e-03
6.121505411142580400e-02
1.472968815734723887e-02
1.996009303131846338e-02
2.221644084125045174e-02
1.477244177383533813e-03
7.661772832295813285e-04
4.129493715449049536e-03
1.598667527102261288e-02
1.467575656931567434e-02
2.178519798525377707e-02
2.447117209232707244e-02
1.573175227681918899e-03
9.973006937578458853e-04
4.048038471435129980e-03
1.642464005598321883e-02
1.485511015614583187e-02
2.025615340920261520e-02
1.040351440807294782e-02
2.546005191005628471e-03
3.141621622139096140e-03
7.647687195970296649e-03
1.653588920721924677e-02
1.743604411353135916e-02
2.306567663690145542e-02
1.132329074642236637e-02
2.179876699699780616e-03
9.073324346397708493e-04
2.486244564190141088e-02
1.651012769834567934e-02
1.477395393701614289e-02
4.264907610695561208e-02
3.517029660694841794e-03
9.073458484366246288e-03
2.132015815116734218e-03
1.797340527182186712e-03
2.950755898699218213e-02
1.547182747853461694e-02
1.524977559668896053e-02
4.187050080058189044e-02
8.042325793602920483e-04
8.188355524247258261e-04
1.567659242407869278e-03
1.466387836167309250e-02
1.469277404753824463e-02
1.652724743229897972e-02
4.540340128936649899e-02
8.115518360396477586e-04
7.617263458282622990e-04
3.087656674612249998e-03
1.467759337177491907e-02
1.460991117816593833e-02
1.802553239592285389e-02
4.852388913083635624e-02
7.674330330689520729e-04
8.233763913002782164e-04
2.486533257029410748e-03
1.454763222675126144e-02
1.466115019993802053e-02
1.731249695236358396e-02
4.226169197774896913e-02
8.572389020888187584e-04
8.028827196681428838e-04
1.518061104121520453e-03
1.472036549431890440e-02
1.467770465358476592e-02
1.648114951833744291e-02
2.063516739708695646e-02
8.216723710259386674e-04
7.921041239344516404e-04
4.430732762602610127e-03
1.472883017006501941e-02
1.474697160658163149e-02
1.992697578989825052e-02
1.649153812476332817e-02
1.078986469916573413e-03
1.362307904726473961e-03
5.678676105544273531e-03
1.479654359135580168e-02
1.495363135557316141e-02
2.051313416316309646e-02
3.623184632239846627e-03
1.412001032783532150e-03
2.063201474147611549e-03
1.853318161588759583e-03
1.487842130596114636e-02
1.533703351700641156e-02
1.527052277770795698e-02
3.817646526492143345e-03
8.039721084056606617e-04
2.676814130310452983e-03
2.325432188601199868e-03
1.468265479778175370e-02
1.670797361201055084e-02
1.560540585475939449e-02
3.190358455779756727e-03
1.017698713038599559e-03
1.798467429889241166e-03
1.257629428884154662e-03
1.495865739895698050e-02
1.521271046173278824e-02
1.500836094282636569e-02
1.387112659263649121e-02
8.486423799661053837e-04
1.219771128781659952e-03
7.400012085485713209e-03
1.467120877641483849e-02
1.492746166355452681e-02
2.276876741608474877e-02
2.085516426882760496e-02
8.253826397800626338e-04
8.410626703494239248e-04
4.090139158844066820e-03
1.467511944609308124e-02
1.478037074171232972e-02
1.955279295243917206e-02
4.631470463823713496e-02
8.061821717184063270e-04
8.219756025496334148e-04
3.219711963622972316e-03
1.466404262118485569e-02
1.469436117761134183e-02
1.810856674699061128e-02
4.208292192721902608e-02
8.068026813683676704e-04
8.243893493558401798e-04
1.537659487046512310e-03
1.466501264053387925e-02
1.470801968218126039e-02
1.650321790770385016e-02
3.712742241072337218e-02
8.070299240620408760e-04
8.430658443372232320e-04
1.377837997388712014e-03
1.467127152431855000e-02
1.472808418571958100e-02
1.609736319980154332e-02
3.415848791170313786e-02
8.114859519243575094e-04
8.609716712193041851e-04
1.676647046184868073e-03
1.467621115328500425e-02
1.475076613730322977e-02
1.635692127006213234e-02
3.702421942422597784e-02
8.097457143987632977e-04
9.164453035659001715e-04
1.376392911964429040e-03
1.467695423492304529e-02
1.482859738852506347e-02
1.611008879511067679e-02
4.170830619983603021e-02
8.091765194853125067e-04
7.968338043130732216e-04
1.544950685762311749e-03
1.467592140116281106e-02
1.456514300558370278e-02
1.654047332989080910e-02
4.299973374317460351e-02
8.112180339133966654e-04
8.213784798929679156e-04
1.392807727569111325e-03
1.457477606699496622e-02
1.467222542825267866e-02
1.630023348021076082e-02
3.721464174852410350e-02
7.948066592058779332e-04
8.212677946002507057e-04
1.315983494867192100e-03
1.460900176781798968e-02
1.468173089469277000e-02
1.602295642342825219e-02
3.409629593785626356e-02
8.025898802753788849e-04
8.271669176639377327e-04
1.664554309772438984e-03
1.463598285092919567e-02
1.469189910115010524e-02
1.630626089766334941e-02
3.689184359952465964e-02
8.109785440788957198e-04
8.206953626699029815e-04
1.377757309130734969e-03
1.465513848530954066e-02
1.469351802399821057e-02
1.606717821911422123e-02
1.931118014855371864e-02
3.603972604113605052e-03
1.395292733335249096e-03
5.575167005291860496e-03
1.826486178405301031e-02
1.503159816400540146e-02
2.037779436304146957e-02
2.052127680797874790e-02
2.585787573916132481e-03
8.570905175883951257e-04
3.849416053906583660e-03
1.912641436460969790e-02
1.479882141082911745e-02
1.882998938050924401e-02
4.167472891345357783e-02
8.128666143196662964e-04
7.780305935798207968e-04
1.564996823955614813e-03
1.468350235153024694e-02
1.463535609538946063e-02
1.655640963859061898e-02
3.707456510398561556e-02
8.202042704206309251e-04
7.858866122880213542e-04
1.378651100992038785e-03
1.468821702431892355e-02
1.465508600025162630e-02
1.611150681379692681e-02
3.421476830241301087e-02
8.225519855103842698e-04
7.981254362906245112e-04
1.670238323714224151e-03
1.468813571693184175e-02
1.466610306655643028e-02
1.635302252239957677e-02
3.720242533494769188e-02
8.218633441645930258e-04
7.972253335264335066e-04
1.367848927794222159e-03
1.468580325980580956e-02
1.466723858209438569e-02
1.606946195641588068e-02
4.218039010072132527e-02
8.336927492928197661e-04
7.983481752092800752e-04
1.473353897533773811e-03
1.468897889648900466e-02
1.466508901910599898e-02
1.643541809606676590e-02
4.658670858820358057e-02
8.404522116858013708e-04
8.029083187776490981e-04
3.048861692153886655e-03
1.470302103148839537e-02
1.466777863405017805e-02
1.791607494237507786e-02
2.090078419652305342e-02
8.992004389807442891e-04
8.420188539301266296e-04
3.976166745360337415e-03
1.431496728561610851e-02
1.475313982672406959e-02
1.932362958377579001e-02
1.386282570546009361e-02
4.987057966302624323e-03
1.188196826302209685e-03
7.378419499701065892e-03
2.167486107151884306e-02
1.488274006786097226e-02
2.274430549048433309e-02
3.153424073341006603e-03
4.366622264395271860e-03
1.585348570498693087e-03
1.239953913872769578e-03
1.909992759126512285e-02
1.502249766978506346e-02
1.500412521279621478e-02
3.706251173663332316e-02
9.126089824697414948e-04
8.159574884911885472e-04
1.324554229267246386e-03
1.471358978555162463e-02
1.468641549602750680e-02
1.598154338265575861e-02
3.417478199528725669e-02
2.925506479874521309e-02
8.201889153374323843e-04
1.458662828231437319e-03
1.704140133037612970e-01
1.467826790405423777e-02
1.595649357796417520e-02
3.725821485236535668e-02
nan
nan
nan
nan
nan
nan
4.307120587702965853e-02
nan
nan
nan
nan
nan
nan
2.197430687267954569e-02
8.224229370009944343e-04
8.784362871564939130e-04
2.399506716160969538e-03
1.469852871686092889e-02
1.478092137900665314e-02
1.778539042526873157e-02
2.059934981369236293e-02
8.140419023749951959e-04
8.466334452384178134e-04
4.364774775251430844e-03
1.470445371115710817e-02
1.479380894332778772e-02
1.975711611902110365e-02
2.097782353755952775e-02
8.135398388315386855e-04
8.707939728235847320e-04
4.246514958769201029e-03
1.471465073357722253e-02
1.479213470913968986e-02
1.996531978161582982e-02
2.180656607649045578e-02
8.216558958023503952e-04
8.861472027039452070e-04
3.415231813010965317e-03
1.470915757557818976e-02
1.478343678118463657e-02
1.939432811275057511e-02
2.177674683534083083e-02
8.260932979409313327e-04
8.747584398039855505e-04
3.461414621861965465e-03
1.471298785789998398e-02
1.484395611526616136e-02
1.947849990397563374e-02
2.098818348586459562e-02
8.230150942547659592e-04
8.313504445082590998e-04
4.283497841034227330e-03
1.472665121457433259e-02
1.460786503297859841e-02
2.001451405324182128e-02
1.329524254989667732e-02
1.027152312238382428e-03
2.039681548359996086e-02
7.488507549989446496e-03
1.478854181273317643e-02
4.222635721850308277e-02
2.286359756476677441e-02
3.151141278881061138e-03
1.356993224503489498e-03
1.763838051693735658e-03
1.269170343456085641e-03
1.487231488036962548e-02
1.520805738454188670e-02
1.501917100826885391e-02
3.616755437507739382e-03
1.223989327253320993e-03
2.032904398624220312e-03
1.845731124608122192e-03
1.478270375694537044e-02
1.536808514087479455e-02
1.526598783896730704e-02
1.189984858468353703e-02
8.914096968590905223e-04
9.898644186956163937e-04
2.533264011587931311e-02
1.475177178109912668e-02
1.486823582424559760e-02
4.131677431287335278e-02
1.342037673317250657e-02
9.990937084514888225e-04
1.242265289775184092e-03
7.670222148306955236e-03
1.477110404246633098e-02
1.494959761259377629e-02
2.309442972682046805e-02
1.661634153639772807e-02
1.007180729833873556e-03
1.351025861549731786e-03
5.497920551955961729e-03
1.474807519259715288e-02
1.498544193492530076e-02
2.027620795474569318e-02
2.197062560578199805e-02
7.921967404556307319e-04
8.500510556189185387e-04
2.331047573402009188e-03
1.462009799604259939e-02
1.473603183978626843e-02
1.762725020783195012e-02
2.175348369659358891e-02
8.168862982542973022e-04
8.560489698354274484e-04
3.246739796068565023e-03
1.463998277366390828e-02
1.476038440437685111e-02
1.897203711844852939e-02
2.090355678994134866e-02
9.417389126723210886e-04
8.415512215350988120e-04
3.983917341850676253e-03
1.438389569200233288e-02
1.478237696783124729e-02
1.947513561849654323e-02
2.184373993850909426e-02
7.645385908110268825e-04
8.504361331278118214e-04
3.317624511223517432e-03
1.455973651800308681e-02
1.476009306790362213e-02
1.909315793572845602e-02
1.200306675532878883e-02
7.473153011701135027e-04
9.859156968702001856e-04
2.523244355604969957e-02
1.459235739112864014e-02
1.484116055321633466e-02
4.243835999547877075e-02
1.425638763148912198e-02
4.568762786775946994e-03
1.213856410256761642e-03
7.971002059763605124e-03
1.918761336937563344e-02
1.493199196576875699e-02
2.348897293896554106e-02
2.200284620881236622e-02
8.249569401494016418e-04
8.190680177075135683e-04
2.391861955691278185e-03
1.469442163912214848e-02
1.470924189110988517e-02
1.776035733922129434e-02
2.059109604643891492e-02
8.167074537294838473e-04
8.227782473899168496e-04
4.324049660506758611e-03
1.457139740499886066e-02
1.476410385351888642e-02
1.973228015534074856e-02
2.097789536529103688e-02
8.004965068303125696e-04
8.226646840717850807e-04
4.141466479538488676e-03
1.466144196290631793e-02
1.475744017039647138e-02
1.977732370593451514e-02
2.184818911998179930e-02
8.144529678950828896e-04
8.280000472825361363e-04
3.397768047730925344e-03
1.469034559750037952e-02
1.473500166099584938e-02
1.938130983378334726e-02
2.100206187965804674e-02
8.317758691747308706e-04
7.998238201967996543e-04
4.321925671514696178e-03
1.471941393264162255e-02
1.475340181590291053e-02
2.008070864677704431e-02
2.174609701575022994e-02
8.327345979828540022e-04
8.177197461480381667e-04
3.479941142356246866e-03
1.470422305815270898e-02
1.473277928630166260e-02
1.952428285113172457e-02
1.728398512944216703e-02
1.769799007821498509e-03
1.312954749568205322e-03
5.590463529760651522e-03
1.551144634927391006e-02
1.494074876291309230e-02
2.039688679142527897e-02
3.602312890295028547e-03
2.951908430612378269e-03
1.985874021709954033e-03
1.831630428860690774e-03
1.694436430813192271e-02
1.529656491267256634e-02
1.526035929259591910e-02
1.364358765282661611e-02
7.654500794879409535e-04
1.191326218901081436e-03
7.664586279402964449e-03
1.466588214364027490e-02
1.489658405681178188e-02
2.309146645992105409e-02
3.140163556618743787e-03
1.024745773518175159e-03
1.799028845133579697e-03
1.261750670721129963e-03
1.472525896836164236e-02
1.517705614748271654e-02
1.501755998318721023e-02
1.191976826057205945e-02
8.481815087586636048e-04
9.531791136744577212e-04
2.538036341224767650e-02
1.471072132573839238e-02
1.481447189061383882e-02
4.159893603280336721e-02
1.314242501567482527e-02
9.792159260849269201e-04
1.199378069852656071e-03
7.466203449167848130e-03
1.475788461284488831e-02
1.489702432255990069e-02
2.283355497933555953e-02
2.200162497255587005e-02
1.573881374778198991e-03
8.252055246283252366e-04
1.952672109975095568e-03
1.604800037347438313e-02
1.470295396354635332e-02
1.672093766352839017e-02
2.176304262088363944e-02
3.949540161342781491e-02
8.505141619868114653e-04
3.634920367920461276e-03
6.121505411142580400e-02
1.472968815734723887e-02
1.996009303131846338e-02
2.188932648475718640e-02
1.477244177383533813e-03
7.661772832295813285e-04
4.129493715449049536e-03
1.598667527102261288e-02
1.467575656931567434e-02
2.178519798525377707e-02
2.090448146811682908e-02
1.573175227681918899e-03
9.973006937578458853e-04
4.048038471435129980e-03
1.642464005598321883e-02
1.485511015614583187e-02
2.025615340920261520e-02
1.440609808671053718e-02
2.546005191005628471e-03
3.141621622139096140e-03
7.647687195970296649e-03
1.653588920721924677e-02
1.743604411353135916e-02
2.306567663690145542e-02
1.203291271380056357e-02
2.179876699699780616e-03
9.073324346397708493e-04
2.486244564190141088e-02
1.651012769834567934e-02
1.477395393701614289e-02
4.264907610695561208e-02
