1.215135742468908819e-01
3.261227530039138567e-01
3.444323711592637283e-01
2.564329116390132168e-01
8.991944098902103777e-01
1.179535398694382120e-01
2.108783082192619007e-01
3.138575455844998530e-01
5.160895373151102028e-01
1.065812620953060730e+00
7.894106739474705814e-02
6.529511999637301056e-02
7.303173885262417842e-02
2.017358591580801774e-01
3.268964630980091823e-01
7.355795907190592064e-01
7.653036462846677379e-01
2.132175050990431364e-01
6.607717244163529013e-01
2.098248214477554940e-01
1.071520525142656416e-01
1.654935631899890069e-01
7.208991935982738131e-01
9.495026247914006845e-01
4.069369810892281558e-02
3.801648951452851061e-02
