1.081231670404793288e+00
1.825413085154815152e+00
1.666936529624535979e+00
1.139318137954627552e+00
1.337763011352751219e+00
1.850200085456229493e+00
1.274435695460199858e+00
2.475070536723289027e+00
1.031035361291471997e+00
1.590044044997571682e+00
9.873489695629934504e-01
1.277677918307278393e+00
3.547286584660670261e+00
1.245111763613640843e+00
4.248752114090189380e+00
2.443799058414653835e+00
1.701054217677571367e+00
6.511302206412795668e-01
1.129608160918932125e+00
3.003774531556316685e+00
1.538547905148139883e+00
1.390037865090172575e+00
1.349745626293539003e+00
1.074068814355801038e+00
1.238361604317827380e+00
1.432438185685695142e+00
