1.091419970310822524e-01
2.872516923641937336e-01
2.327028543640536074e-01
1.753564914465992053e-01
5.316041113390089778e-01
1.854844597773050718e-01
8.203891749908982789e-02
3.889173926412219373e-01
5.111995152512944784e-01
1.054956249887493147e+00
8.911204673455740133e-02
7.874268652869043095e-02
8.513701867495558628e-02
1.453153800465043499e-01
2.537616467724234104e-01
4.673871221005964638e-01
3.166921921484348590e-01
1.185243865246706357e-01
6.464821095663572104e-01
2.578926376887439309e-01
1.909660982182171118e-01
2.432843778689024739e-01
7.510275656401299571e-01
9.363046483300434542e-01
5.086023521176705198e-02
6.760455851079348599e-02
